[app/ui]
version = 6.1.2
modtime = 1404080881.855351000

[app/launcher]
version = 6.1.2
modtime = 1404080881.859885000
