20110414122636.433557
AvailableMBytes=620
CommittedBytes=959897600
PagesPersec=0
PercentCommittedBytesInUse=27
wmi_type=Memory

20110414122636.433557
AvailableMBytes=0
CommittedBytes=1610014720
PagesPersec=0
PercentCommittedBytesInUse=27
wmi_type=Memory