[app/install/state]
version = 6.1.3
modtime = 1406780598.440667000

[app/ui]
version = 6.1.3
modtime = 1406780976.218695000

[app/launcher]
version = 6.1.3
modtime = 1406780976.222454000

[app/package/check_for_updates]
version = 6.1.3
modtime = 1406780976.223542000
